function [posiciones_global]=flatplate()


posiciones_global=[
0	0;
0.0125	1.00E-04;
0.025	1.00E-04;
0.05	1.00E-04;
0.075	1.00E-04;
0.1	1.00E-04;
0.15	1.00E-04;
0.2	1.00E-04;
0.25	1.00E-04;
0.3	1.00E-04;
0.4	1.00E-04;
0.5	1.00E-04;
0.6	1.00E-04;
0.7	1.00E-04;
0.8	1.00E-04;
0.9	1.00E-04;
0.95	1.00E-04;
1	0];

end