	
function [posiciones_global]=inventado()

posiciones_global=[0	0;
    0.0064   0.0795;
    0.0176   0.1316;
    0.0343   0.2;
    0.0563   0.27;
    0.0833   0.03;
    0.1151   0.3191;
    0.1512   0.3582;
    0.1912   0.3933;
    0.2348   0.4239;
    0.2813   0.4497;
    0.3304   0.4704;
    0.3813   0.4857;
    0.4336   0.4956;
    0.4867   0.4998;
    0.5399   0.5;
    0.5926   0.51;
    0.6443   0.51;
    0.6944   0.53;
    0.7423   0.45;
    0.7874   0.44;
    0.8293   0.43;
    0.8674   0.42;
    0.9014   0.32;
    0.9308   0.27;
    0.9553   0.2266;
    0.9747   0.1570;
    0.9887   0.1057;
    0.9972   0.0531;
    1.0000   0.0000];
    
    
    
end