%coordenadas de un semicilindro

	
function [posiciones_global]=semicilinder()

posiciones_global=[0	0;
    0.0064   0.0795;
    0.0176   0.1316;
    0.0343   0.1821;
    0.0563   0.2305;
    0.0833   0.2764;
    0.1151   0.3191;
    0.1512   0.3582;
    0.1912   0.3933;
    0.2348   0.4239;
    0.2813   0.4497;
    0.3304   0.4704;
    0.3813   0.4857;
    0.4336   0.4956;
    0.4867   0.4998;
    0.5399   0.4984;
    0.5926   0.4913;
    0.6443   0.4787;
    0.6944   0.4607;
    0.7423   0.4374;
    0.7874   0.4092;
    0.8293   0.3763;
    0.8674   0.3392;
    0.9014   0.2982;
    0.9308   0.2538;
    0.9553   0.2066;
    0.9747   0.1570;
    0.9887   0.1057;
    0.9972   0.0531;
    1.0000   0.0000];
    
    
    
end